00000000 | 7f 45 4c 46 02 01 01 00 00 00 00 00 00 00 00 00 | .ELF............ |
00000016 | 03 00 3e 00 01 00 00 00 10 09 00 00 00 00 00 00 | ..>............. |
00000032 | 40 00 00 00 00 00 00 00 30 2b 00 00 00 00 00 00 | @.......0+...... |
00000048 | 00 00 00 00 40 00 38 00 09 00 40 00 1d 00 1c 00 | ....@.8...@..... |
00000064 | 06 00 00 00 04 00 00 00 40 00 00 00 00 00 00 00 | ........@....... |
00000080 | 40 00 00 00 00 00 00 00 40 00 00 00 00 00 00 00 | @.......@....... |
00000096 | f8 01 00 00 00 00 00 00 f8 01 00 00 00 00 00 00 | ................ |
00000112 | 08 00 00 00 00 00 00 00 03 00 00 00 04 00 00 00 | ................ |
00000128 | 38 02 00 00 00 00 00 00 38 02 00 00 00 00 00 00 | 8.......8....... |
00000144 | 38 02 00 00 00 00 00 00 1c 00 00 00 00 00 00 00 | 8............... |
00000160 | 1c 00 00 00 00 00 00 00 01 00 00 00 00 00 00 00 | ................ |
00000176 | 01 00 00 00 05 00 00 00 00 00 00 00 00 00 00 00 | ................ |
00000192 | 00 00 00 00 00 00 00 00 00 00 00 00 00 00 00 00 | ................ |
00000208 | 28 10 00 00 00 00 00 00 28 10 00 00 00 00 00 00 | (.......(....... |
00000224 | 00 00 20 00 00 00 00 00 01 00 00 00 06 00 00 00 | ................ |
00000240 | 80 1d 00 00 00 00 00 00 80 1d 20 00 00 00 00 00 | ................ |
00000256 | 80 1d 20 00 00 00 00 00 90 02 00 00 00 00 00 00 | ................ |
00000272 | d0 02 00 00 00 00 00 00 00 00 20 00 00 00 00 00 | ................ |
00000288 | 02 00 00 00 06 00 00 00 90 1d 00 00 00 00 00 00 | ................ |
00000304 | 90 1d 20 00 00 00 00 00 90 1d 20 00 00 00 00 00 | ................ |
00000320 | f0 01 00 00 00 00 00 00 f0 01 00 00 00 00 00 00 | ................ |
00000336 | 08 00 00 00 00 00 00 00 04 00 00 00 04 00 00 00 | ................ |
00000352 | 54 02 00 00 00 00 00 00 54 02 00 00 00 00 00 00 | T.......T....... |
00000368 | 54 02 00 00 00 00 00 00 44 00 00 00 00 00 00 00 | T.......D....... |
00000384 | 44 00 00 00 00 00 00 00 04 00 00 00 00 00 00 00 | D............... |
00000400 | 50 e5 74 64 04 00 00 00 18 0e 00 00 00 00 00 00 | P.td............ |
00000416 | 18 0e 00 00 00 00 00 00 18 0e 00 00 00 00 00 00 | ................ |
00000432 | 4c 00 00 00 00 00 00 00 4c 00 00 00 00 00 00 00 | L.......L....... |
00000448 | 04 00 00 00 00 00 00 00 51 e5 74 64 06 00 00 00 | ........Q.td.... |
00000464 | 00 00 00 00 00 00 00 00 00 00 00 00 00 00 00 00 | ................ |
00000480 | 00 00 00 00 00 00 00 00 00 00 00 00 00 00 00 00 | ................ |
00000496 | 00 00 00 00 00 00 00 00 10 00 00 00 00 00 00 00 | ................ |
00000512 | 52 e5 74 64 04 00 00 00 80 1d 00 00 00 00 00 00 | R.td............ |
00000528 | 80 1d 20 00 00 00 00 00 80 1d 20 00 00 00 00 00 | ................ |
00000544 | 80 02 00 00 00 00 00 00 80 02 00 00 00 00 00 00 | ................ |
00000560 | 01 00 00 00 00 00 00 00 2f 6c 69 62 36 34 2f 6c | ......../lib64/l |
00000576 | 64 2d 6c 69 6e 75 78 2d 78 38 36 2d 36 34 2e 73 | d-linux-x86-64.s |
00000592 | 6f 2e 32 00 04 00 00 00 10 00 00 00 01 00 00 00 | o.2............. |
00000608 | 47 4e 55 00 00 00 00 00 03 00 00 00 02 00 00 00 | GNU............. |
00000624 | 00 00 00 00 04 00 00 00 14 00 00 00 03 00 00 00 | ................ |
00000640 | 47 4e 55 00 81 3c 32 32 9b f9 8c c3 0f ae b4 f9 | GNU..<22........ |
00000656 | 48 45 6d 85 52 fb c7 fa 03 00 00 00 0e 00 00 00 | HEm.R........... |
00000672 | 01 00 00 00 06 00 00 00 00 01 20 00 80 01 10 02 | ................ |
00000688 | 0e 00 00 00 0f 00 00 00 00 00 00 00 29 1d 8c 1c | ............)... |
00000704 | 66 55 61 10 39 f2 8b 1c 00 00 00 00 00 00 00 00 | fUa.9........... |
00000720 | 00 00 00 00 00 00 00 00 00 00 00 00 00 00 00 00 | ................ |
00000736 | b9 00 00 00 20 00 00 00 00 00 00 00 00 00 00 00 | ................ |
00000752 | 00 00 00 00 00 00 00 00 49 00 00 00 12 00 00 00 | ........I....... |
00000768 | 00 00 00 00 00 00 00 00 00 00 00 00 00 00 00 00 | ................ |
00000784 | 11 00 00 00 12 00 00 00 00 00 00 00 00 00 00 00 | ................ |
00000800 | 00 00 00 00 00 00 00 00 28 00 00 00 12 00 00 00 | ........(....... |
00000816 | 00 00 00 00 00 00 00 00 00 00 00 00 00 00 00 00 | ................ |
00000832 | 43 00 00 00 12 00 00 00 00 00 00 00 00 00 00 00 | C............... |
00000848 | 00 00 00 00 00 00 00 00 7b 00 00 00 12 00 00 00 | ........{....... |
00000864 | 00 00 00 00 00 00 00 00 00 00 00 00 00 00 00 00 | ................ |
00000880 | d5 00 00 00 20 00 00 00 00 00 00 00 00 00 00 00 | ................ |
00000896 | 00 00 00 00 00 00 00 00 0b 00 00 00 12 00 00 00 | ................ |
00000912 | 00 00 00 00 00 00 00 00 00 00 00 00 00 00 00 00 | ................ |
00000928 | 65 00 00 00 12 00 00 00 00 00 00 00 00 00 00 00 | e............... |
00000944 | 00 00 00 00 00 00 00 00 2e 00 00 00 12 00 00 00 | ................ |
00000960 | 00 00 00 00 00 00 00 00 00 00 00 00 00 00 00 00 | ................ |
00000976 | e4 00 00 00 20 00 00 00 00 00 00 00 00 00 00 00 | ................ |
00000992 | 00 00 00 00 00 00 00 00 6c 00 00 00 22 00 00 00 | ........l..."... |
00001008 | 00 00 00 00 00 00 00 00 00 00 00 00 00 00 00 00 | ................ |
00001024 | 50 00 00 00 12 00 00 00 00 00 00 00 00 00 00 00 | P............... |
00001040 | 00 00 00 00 00 00 00 00 3c 00 00 00 11 00 18 00 | ........<....... |
00001056 | 20 20 20 00 00 00 00 00 08 00 00 00 00 00 00 00 | ................ |
00001072 | 22 00 00 00 11 00 18 00 30 20 20 00 00 00 00 00 | ".......0....... |
00001088 | 08 00 00 00 00 00 00 00 5e 00 00 00 11 00 18 00 | ........^....... |
00001104 | 40 20 20 00 00 00 00 00 08 00 00 00 00 00 00 00 | @............... |
00001120 | 00 6c 69 62 63 2e 73 6f 2e 36 00 66 6f 70 65 6e | .libc.so.6.fopen |
00001136 | 00 5f 5f 73 74 61 63 6b 5f 63 68 6b 5f 66 61 69 | .__stack_chk_fai |
00001152 | 6c 00 73 74 64 69 6e 00 66 67 65 74 63 00 5f 5f | l.stdin.fgetc.__ |
00001168 | 66 70 72 69 6e 74 66 5f 63 68 6b 00 73 74 64 6f | fprintf_chk.stdo |
00001184 | 75 74 00 66 70 75 74 63 00 66 63 6c 6f 73 65 00 | ut.fputc.fclose. |
00001200 | 5f 5f 63 74 79 70 65 5f 62 5f 6c 6f 63 00 73 74 | __ctype_b_loc.st |
00001216 | 64 65 72 72 00 66 77 72 69 74 65 00 5f 5f 63 78 | derr.fwrite.__cx |
00001232 | 61 5f 66 69 6e 61 6c 69 7a 65 00 5f 5f 6c 69 62 | a_finalize.__lib |
00001248 | 63 5f 73 74 61 72 74 5f 6d 61 69 6e 00 47 4c 49 | c_start_main.GLI |
00001264 | 42 43 5f 32 2e 33 00 47 4c 49 42 43 5f 32 2e 33 | BC_2.3.GLIBC_2.3 |
00001280 | 2e 34 00 47 4c 49 42 43 5f 32 2e 34 00 47 4c 49 | .4.GLIBC_2.4.GLI |
00001296 | 42 43 5f 32 2e 32 2e 35 00 5f 49 54 4d 5f 64 65 | BC_2.2.5._ITM_de |
00001312 | 72 65 67 69 73 74 65 72 54 4d 43 6c 6f 6e 65 54 | registerTMCloneT |
00001328 | 61 62 6c 65 00 5f 5f 67 6d 6f 6e 5f 73 74 61 72 | able.__gmon_star |
00001344 | 74 5f 5f 00 5f 49 54 4d 5f 72 65 67 69 73 74 65 | t__._ITM_registe |
00001360 | 72 54 4d 43 6c 6f 6e 65 54 61 62 6c 65 00 00 00 | rTMCloneTable... |
00001376 | 00 00 02 00 03 00 02 00 02 00 02 00 00 00 02 00 | ................ |
00001392 | 02 00 04 00 00 00 02 00 05 00 02 00 02 00 02 00 | ................ |
00001408 | 01 00 04 00 01 00 00 00 10 00 00 00 00 00 00 00 | ................ |
00001424 | 13 69 69 0d 00 00 05 00 8d 00 00 00 10 00 00 00 | .ii............. |
00001440 | 74 19 69 09 00 00 04 00 97 00 00 00 10 00 00 00 | t.i............. |
00001456 | 14 69 69 0d 00 00 03 00 a3 00 00 00 10 00 00 00 | .ii............. |
00001472 | 75 1a 69 09 00 00 02 00 ad 00 00 00 00 00 00 00 | u.i............. |
00001488 | 80 1d 20 00 00 00 00 00 08 00 00 00 00 00 00 00 | ................ |
00001504 | 10 0a 00 00 00 00 00 00 88 1d 20 00 00 00 00 00 | ................ |
00001520 | 08 00 00 00 00 00 00 00 d0 09 00 00 00 00 00 00 | ................ |
00001536 | 08 20 20 00 00 00 00 00 08 00 00 00 00 00 00 00 | ................ |
00001552 | 08 20 20 00 00 00 00 00 d8 1f 20 00 00 00 00 00 | ................ |
00001568 | 06 00 00 00 01 00 00 00 00 00 00 00 00 00 00 00 | ................ |
00001584 | e0 1f 20 00 00 00 00 00 06 00 00 00 06 00 00 00 | ................ |
00001600 | 00 00 00 00 00 00 00 00 e8 1f 20 00 00 00 00 00 | ................ |
00001616 | 06 00 00 00 07 00 00 00 00 00 00 00 00 00 00 00 | ................ |
00001632 | f0 1f 20 00 00 00 00 00 06 00 00 00 0b 00 00 00 | ................ |
00001648 | 00 00 00 00 00 00 00 00 f8 1f 20 00 00 00 00 00 | ................ |
00001664 | 06 00 00 00 0c 00 00 00 00 00 00 00 00 00 00 00 | ................ |
00001680 | 20 20 20 00 00 00 00 00 05 00 00 00 0e 00 00 00 | ................ |
00001696 | 00 00 00 00 00 00 00 00 30 20 20 00 00 00 00 00 | ........0....... |
00001712 | 05 00 00 00 0f 00 00 00 00 00 00 00 00 00 00 00 | ................ |
00001728 | 40 20 20 00 00 00 00 00 05 00 00 00 10 00 00 00 | @............... |
00001744 | 00 00 00 00 00 00 00 00 98 1f 20 00 00 00 00 00 | ................ |
00001760 | 07 00 00 00 02 00 00 00 00 00 00 00 00 00 00 00 | ................ |
00001776 | a0 1f 20 00 00 00 00 00 07 00 00 00 03 00 00 00 | ................ |
00001792 | 00 00 00 00 00 00 00 00 a8 1f 20 00 00 00 00 00 | ................ |
00001808 | 07 00 00 00 04 00 00 00 00 00 00 00 00 00 00 00 | ................ |
00001824 | b0 1f 20 00 00 00 00 00 07 00 00 00 05 00 00 00 | ................ |
00001840 | 00 00 00 00 00 00 00 00 b8 1f 20 00 00 00 00 00 | ................ |
00001856 | 07 00 00 00 08 00 00 00 00 00 00 00 00 00 00 00 | ................ |
00001872 | c0 1f 20 00 00 00 00 00 07 00 00 00 09 00 00 00 | ................ |
00001888 | 00 00 00 00 00 00 00 00 c8 1f 20 00 00 00 00 00 | ................ |
00001904 | 07 00 00 00 0a 00 00 00 00 00 00 00 00 00 00 00 | ................ |
00001920 | d0 1f 20 00 00 00 00 00 07 00 00 00 0d 00 00 00 | ................ |
00001936 | 00 00 00 00 00 00 00 00 48 83 ec 08 48 8b 05 45 | ........H...H..E |
00001952 | 18 20 00 48 85 c0 74 02 ff d0 48 83 c4 08 c3 00 | ...H..t...H..... |
00001968 | ff 35 d2 17 20 00 ff 25 d4 17 20 00 0f 1f 40 00 | .5.....%......@. |
00001984 | ff 25 d2 17 20 00 68 00 00 00 00 e9 e0 ff ff ff | .%....h......... |
00002000 | ff 25 ca 17 20 00 68 01 00 00 00 e9 d0 ff ff ff | .%....h......... |
00002016 | ff 25 c2 17 20 00 68 02 00 00 00 e9 c0 ff ff ff | .%....h......... |
00002032 | ff 25 ba 17 20 00 68 03 00 00 00 e9 b0 ff ff ff | .%....h......... |
00002048 | ff 25 b2 17 20 00 68 04 00 00 00 e9 a0 ff ff ff | .%....h......... |
00002064 | ff 25 aa 17 20 00 68 05 00 00 00 e9 90 ff ff ff | .%....h......... |
00002080 | ff 25 a2 17 20 00 68 06 00 00 00 e9 80 ff ff ff | .%....h......... |
00002096 | ff 25 9a 17 20 00 68 07 00 00 00 e9 70 ff ff ff | .%....h.....p... |
00002112 | ff 25 b2 17 20 00 66 90 00 00 00 00 00 00 00 00 | .%....f......... |
00002128 | 83 ff 01 41 56 41 55 41 54 55 53 0f 8e 88 00 00 | ...AVAUATUS..... |
00002144 | 00 8d 47 fe 48 8d 5e 08 45 31 f6 4c 8d 25 8c 05 | ..G.H.^.E1.L.%.. |
00002160 | 00 00 4c 8d 6c c6 10 eb 27 0f 1f 80 00 00 00 00 | ..L.l...'....... |
00002176 | 48 8b 35 99 17 20 00 48 89 c7 48 83 c3 08 e8 4d | H.5....H..H....M |
00002192 | 03 00 00 48 89 ef e8 25 ff ff ff 4c 39 eb 74 3d | ...H...%...L9.t= |
00002208 | 48 8b 3b 4c 89 e6 e8 55 ff ff ff 48 85 c0 48 89 | H.;L...U...H..H. |
00002224 | c5 75 cd 48 8b 0b 48 8b 3d 83 17 20 00 48 8d 15 | .u.H..H.=....H.. |
00002240 | 3c 05 00 00 31 c0 be 01 00 00 00 48 83 c3 08 41 | <...1......H...A |
00002256 | 83 c6 01 e8 48 ff ff ff 4c 39 eb 75 c3 5b 44 89 | ....H...L9.u.[D. |
00002272 | f0 5d 41 5c 41 5d 41 5e c3 48 8b 35 30 17 20 00 | .]A\A]A^.H.50... |
00002288 | 48 8b 3d 39 17 20 00 45 31 f6 e8 e1 02 00 00 eb | H.=9...E1....... |
00002304 | dc 66 2e 0f 1f 84 00 00 00 00 00 0f 1f 44 00 00 | .f...........D.. |
00002320 | 31 ed 49 89 d1 5e 48 89 e2 48 83 e4 f0 50 54 4c | 1.I..^H..H...PTL |
00002336 | 8d 05 aa 04 00 00 48 8d 0d 33 04 00 00 48 8d 3d | ......H..3...H.= |
00002352 | 1c ff ff ff ff 15 a6 16 20 00 f4 0f 1f 44 00 00 | .............D.. |
00002368 | 48 8d 3d c9 16 20 00 55 48 8d 05 c1 16 20 00 48 | H.=....UH......H |
00002384 | 39 f8 48 89 e5 74 19 48 8b 05 7a 16 20 00 48 85 | 9.H..t.H..z...H. |
00002400 | c0 74 0d 5d ff e0 66 2e 0f 1f 84 00 00 00 00 00 | .t.]..f......... |
00002416 | 5d c3 0f 1f 40 00 66 2e 0f 1f 84 00 00 00 00 00 | ]...@.f......... |
00002432 | 48 8d 3d 89 16 20 00 48 8d 35 82 16 20 00 55 48 | H.=....H.5....UH |
00002448 | 29 fe 48 89 e5 48 c1 fe 03 48 89 f0 48 c1 e8 3f | ).H..H...H..H..? |
00002464 | 48 01 c6 48 d1 fe 74 18 48 8b 05 41 16 20 00 48 | H..H..t.H..A...H |
00002480 | 85 c0 74 0c 5d ff e0 66 0f 1f 84 00 00 00 00 00 | ..t.]..f........ |
00002496 | 5d c3 0f 1f 40 00 66 2e 0f 1f 84 00 00 00 00 00 | ]...@.f......... |
00002512 | 80 3d 71 16 20 00 00 75 2f 48 83 3d 17 16 20 00 | .=q....u/H.=.... |
00002528 | 00 55 48 89 e5 74 0c 48 8b 3d 1a 16 20 00 e8 4d | .UH..t.H.=.....M |
00002544 | fe ff ff e8 48 ff ff ff c6 05 49 16 20 00 01 5d | ....H.....I....] |
00002560 | c3 0f 1f 80 00 00 00 00 f3 c3 66 0f 1f 44 00 00 | ..........f..D.. |
00002576 | 55 48 89 e5 5d e9 66 ff ff ff 66 0f 1f 44 00 00 | UH..].f...f..D.. |
00002592 | 41 57 41 56 31 c0 41 55 41 54 49 89 d5 55 53 48 | AWAV1.AUATI..USH |
00002608 | 8d 15 ae 03 00 00 41 89 cc 48 89 f1 be 01 00 00 | ......A..H...... |
00002624 | 00 48 83 ec 08 48 89 fb e8 d3 fd ff ff 45 85 e4 | .H...H.......E.. |
00002640 | 0f 8e 7a 01 00 00 41 8d 44 24 ff 4c 8d 35 8a 03 | ..z...A.D$.L.5.. |
00002656 | 00 00 4c 89 ed 4d 8d 7c 05 01 66 0f 1f 44 00 00 | ..L..M.|..f..D.. |
00002672 | 0f b6 4d 00 31 c0 4c 89 f2 be 01 00 00 00 48 89 | ..M.1.L.......H. |
00002688 | df 48 83 c5 01 e8 96 fd ff ff 49 39 ef 75 e1 41 | .H........I9.u.A |
00002704 | 83 fc 0f 0f 8f 07 01 00 00 44 89 e5 4c 8d 35 4f | .........D..L.5O |
00002720 | 03 00 00 0f 1f 44 00 00 48 89 d9 ba 03 00 00 00 | .....D..H....... |
00002736 | be 01 00 00 00 4c 89 f7 83 c5 01 e8 50 fd ff ff | .....L......P... |
00002752 | 83 fd 10 75 e3 48 8d 3d 2a 03 00 00 48 89 d9 ba | ...u.H.=*...H... |
00002768 | 03 00 00 00 be 01 00 00 00 e8 32 fd ff ff 45 85 | ..........2...E. |
00002784 | e4 0f 8e d9 00 00 00 e8 44 fd ff ff 4c 89 ed 49 | ........D...L..I |
00002800 | 89 c6 66 0f 1f 44 00 00 0f b6 55 00 49 8b 06 48 | ..f..D....U.I..H |
00002816 | 89 de 66 83 3c 50 00 48 89 d7 78 74 48 83 c5 01 | ..f.<P.H..xtH... |
00002832 | bf 2e 00 00 00 e8 d6 fc ff ff 89 e8 44 29 e8 41 | ............D).A |
00002848 | 39 c4 7f d4 45 85 e4 bd 01 00 00 00 41 0f 4f ec | 9...E.......A.O. |
00002864 | 41 83 fc 0f 7f 1f 66 2e 0f 1f 84 00 00 00 00 00 | A.....f......... |
00002880 | 48 89 de bf 20 00 00 00 83 c5 01 e8 a0 fc ff ff | H............... |
00002896 | 83 fd 10 75 eb 48 83 c4 08 48 89 d9 48 8d 3d 97 | ...u.H...H..H.=. |
00002912 | 02 00 00 5b 5d 41 5c 41 5d 41 5e 41 5f ba 03 00 | ...[]A\A]A^A_... |
00002928 | 00 00 be 01 00 00 00 e9 94 fc ff ff 0f 1f 40 00 | ..............@. |
00002944 | 48 83 c5 01 e8 67 fc ff ff 89 e8 44 29 e8 44 39 | H....g.....D).D9 |
00002960 | e0 0f 8c 61 ff ff ff eb 8b 0f 1f 80 00 00 00 00 | ...a............ |
00002976 | 48 8d 3d 4f 02 00 00 48 89 d9 ba 03 00 00 00 be | H.=O...H........ |
00002992 | 01 00 00 00 e8 57 fc ff ff e9 29 ff ff ff 66 90 | .....W....)...f. |
00003008 | 31 ed e9 79 ff ff ff 66 0f 1f 84 00 00 00 00 00 | 1..y...f........ |
00003024 | 31 ed e9 c5 fe ff ff 66 0f 1f 84 00 00 00 00 00 | 1......f........ |
00003040 | 41 57 41 56 45 31 ff 41 55 41 54 49 89 fe 55 53 | AWAVE1.AUATI..US |
00003056 | 48 89 f5 48 83 ec 38 64 48 8b 04 25 28 00 00 00 | H..H..8dH..%(... |
00003072 | 48 89 44 24 28 31 c0 4c 8d 6c 24 10 0f 1f 40 00 | H.D$(1.L.l$...@. |
00003088 | 31 db eb 13 0f 1f 40 00 41 88 44 1d 00 48 83 c3 | 1.....@.A.D..H.. |
00003104 | 01 48 83 fb 10 74 49 4c 89 f7 e8 b1 fb ff ff 83 | .H...tIL........ |
00003120 | f8 ff 75 e4 89 d9 4c 89 ea 4c 89 fe 48 89 ef e8 | ..u...L..L..H... |
00003136 | dc fd ff ff 48 8b 44 24 28 64 48 33 04 25 28 00 | ....H.D$(dH3.%(. |
00003152 | 00 00 0f 85 fd 00 00 00 48 83 c4 38 5b 5d 41 5c | ........H..8[]A\ |
00003168 | 41 5d 41 5e 41 5f c3 66 0f 1f 84 00 00 00 00 00 | A]A^A_.f........ |
00003184 | 48 8d 15 6d 01 00 00 4c 89 f9 be 01 00 00 00 48 | H..m...L.......H |
00003200 | 89 ef 31 c0 4d 89 ec e8 94 fb ff ff 49 8d 45 10 | ..1.M.......I.E. |
00003216 | 4c 89 eb 48 89 44 24 08 0f 1f 84 00 00 00 00 00 | L..H.D$......... |
00003232 | 0f b6 0b 48 8d 15 42 01 00 00 31 c0 be 01 00 00 | ...H..B...1..... |
00003248 | 00 48 89 ef 48 83 c3 01 e8 63 fb ff ff 48 39 5c | .H..H....c...H9\ |
00003264 | 24 08 75 dc 48 8d 3d 2b 01 00 00 ba 03 00 00 00 | $.u.H.=+........ |
00003280 | 48 89 e9 be 01 00 00 00 e8 33 fb ff ff e8 4e fb | H........3....N. |
00003296 | ff ff 48 89 c2 41 0f b6 0c 24 48 8b 02 48 89 ee | ..H..A...$H..H.. |
00003312 | 48 89 54 24 08 66 83 3c 48 00 48 89 cf 78 41 bf | H.T$.f.<H.H..xA. |
00003328 | 2e 00 00 00 49 83 c4 01 e8 e3 fa ff ff 4c 39 e3 | ....I........L9. |
00003344 | 48 8b 54 24 08 75 ce 48 8d 3d dc 00 00 00 48 89 | H.T$.u.H.=....H. |
00003360 | e9 ba 03 00 00 00 be 01 00 00 00 49 83 c7 10 e8 | ...........I.... |
00003376 | dc fa ff ff e9 d7 fe ff ff 0f 1f 80 00 00 00 00 | ................ |
00003392 | 49 83 c4 01 e8 a7 fa ff ff 49 39 dc 48 8b 54 24 | I........I9.H.T$ |
00003408 | 08 74 c4 eb 90 e8 76 fa ff ff 66 0f 1f 44 00 00 | .t....v...f..D.. |
00003424 | 41 57 41 56 49 89 d7 41 55 41 54 4c 8d 25 0e 10 | AWAVI..AUATL.%.. |
00003440 | 20 00 55 48 8d 2d 0e 10 20 00 53 41 89 fd 49 89 | ..UH.-....SA..I. |
00003456 | f6 4c 29 e5 48 83 ec 08 48 c1 fd 03 e8 07 fa ff | .L).H...H....... |
00003472 | ff 48 85 ed 74 20 31 db 0f 1f 84 00 00 00 00 00 | .H..t.1......... |
00003488 | 4c 89 fa 4c 89 f6 44 89 ef 41 ff 14 dc 48 83 c3 | L..L..D..A...H.. |
00003504 | 01 48 39 dd 75 ea 48 83 c4 08 5b 5d 41 5c 41 5d | .H9.u.H...[]A\A] |
00003520 | 41 5e 41 5f c3 90 66 2e 0f 1f 84 00 00 00 00 00 | A^A_..f......... |
00003536 | f3 c3 00 00 48 83 ec 08 48 83 c4 08 c3 00 00 00 | ....H...H....... |
00003552 | 01 00 02 00 25 30 38 6c 64 20 7c 00 20 25 30 32 | ....%08ld.|..%02 |
00003568 | 78 00 20 20 20 00 20 7c 20 00 20 7c 0a 00 72 00 | x......|...|..r. |
00003584 | 43 61 6e 27 74 20 6f 70 65 6e 20 66 69 6c 65 3a | Can't.open.file: |
00003600 | 20 25 73 0a 00 00 00 00 01 1b 03 3b 4c 00 00 00 | .%s........;L... |
00003616 | 08 00 00 00 98 f9 ff ff 98 00 00 00 28 fa ff ff | ............(... |
00003632 | c0 00 00 00 38 fa ff ff 70 01 00 00 f8 fa ff ff | ....8...p....... |
00003648 | 68 00 00 00 08 fc ff ff d8 00 00 00 c8 fd ff ff | h............... |
00003664 | 24 01 00 00 48 ff ff ff b0 01 00 00 b8 ff ff ff | $...H........... |
00003680 | f8 01 00 00 00 00 00 00 14 00 00 00 00 00 00 00 | ................ |
00003696 | 01 7a 52 00 01 78 10 01 1b 0c 07 08 90 01 07 10 | .zR..x.......... |
00003712 | 14 00 00 00 1c 00 00 00 88 fa ff ff 2b 00 00 00 | ............+... |
00003728 | 00 00 00 00 00 00 00 00 14 00 00 00 00 00 00 00 | ................ |
00003744 | 01 7a 52 00 01 78 10 01 1b 0c 07 08 90 01 00 00 | .zR..x.......... |
00003760 | 24 00 00 00 1c 00 00 00 f8 f8 ff ff 90 00 00 00 | $............... |
00003776 | 00 0e 10 46 0e 18 4a 0f 0b 77 08 80 00 3f 1a 3b | ...F..J..w...?.; |
00003792 | 2a 33 24 22 00 00 00 00 14 00 00 00 44 00 00 00 | *3$"........D... |
00003808 | 60 f9 ff ff 08 00 00 00 00 00 00 00 00 00 00 00 | `............... |
00003824 | 48 00 00 00 5c 00 00 00 28 fb ff ff b7 01 00 00 | H...\...(....... |
00003840 | 00 42 0e 10 8f 02 42 0e 18 8e 03 44 0e 20 8d 04 | .B....B....D.... |
00003856 | 42 0e 28 8c 05 44 0e 30 86 06 41 0e 38 83 07 56 | B.(..D.0..A.8..V |
00003872 | 0e 40 03 14 01 0a 0e 38 4b 0e 30 41 0e 28 42 0e | .@.....8K.0A.(B. |
00003888 | 20 42 0e 18 42 0e 10 42 0e 08 53 0b 48 00 00 00 | .B..B..B..S.H... |
00003904 | a8 00 00 00 9c fc ff ff 7a 01 00 00 00 42 0e 10 | ........z....B.. |
00003920 | 8f 02 42 0e 18 8e 03 45 0e 20 8d 04 42 0e 28 8c | ..B....E....B.(. |
00003936 | 05 44 0e 30 86 06 41 0e 38 83 07 47 0e 70 02 65 | .D.0..A.8..G.p.e |
00003952 | 0a 0e 38 41 0e 30 41 0e 28 42 0e 20 42 0e 18 42 | ..8A.0A.(B..B..B |
00003968 | 0e 10 42 0e 08 4a 0b 00 3c 00 00 00 f4 00 00 00 | ..B..J..<....... |
00003984 | c0 f8 ff ff b1 00 00 00 00 45 0e 10 8e 02 42 0e | .........E....B. |
00004000 | 18 8d 03 42 0e 20 8c 04 41 0e 28 86 05 41 0e 30 | ...B....A.(..A.0 |
00004016 | 83 06 02 83 0a 0e 28 44 0e 20 42 0e 18 42 0e 10 | ......(D..B..B.. |
00004032 | 42 0e 08 41 0b 00 00 00 44 00 00 00 34 01 00 00 | B..A....D...4... |
00004048 | 90 fd ff ff 65 00 00 00 00 42 0e 10 8f 02 42 0e | ....e....B....B. |
00004064 | 18 8e 03 45 0e 20 8d 04 42 0e 28 8c 05 48 0e 30 | ...E....B.(..H.0 |
00004080 | 86 06 48 0e 38 83 07 4d 0e 40 72 0e 38 41 0e 30 | ..H.8..M.@r.8A.0 |
00004096 | 41 0e 28 42 0e 20 42 0e 18 42 0e 10 42 0e 08 00 | A.(B..B..B..B... |
00004112 | 10 00 00 00 7c 01 00 00 b8 fd ff ff 02 00 00 00 | ....|........... |
00004128 | 00 00 00 00 00 00 00 00 00 00 00 00 00 00 00 00 | ................ |
00004144 | 00 00 00 00 00 00 00 00 00 00 00 00 00 00 00 00 | ................ |
00004160 | 00 00 00 00 00 00 00 00 00 00 00 00 00 00 00 00 | ................ |
00004176 | 00 00 00 00 00 00 00 00 00 00 00 00 00 00 00 00 | ................ |
00004192 | 00 00 00 00 00 00 00 00 00 00 00 00 00 00 00 00 | ................ |
00004208 | 00 00 00 00 00 00 00 00 00 00 00 00 00 00 00 00 | ................ |
00004224 | 00 00 00 00 00 00 00 00 00 00 00 00 00 00 00 00 | ................ |
00004240 | 00 00 00 00 00 00 00 00 00 00 00 00 00 00 00 00 | ................ |
00004256 | 00 00 00 00 00 00 00 00 00 00 00 00 00 00 00 00 | ................ |
00004272 | 00 00 00 00 00 00 00 00 00 00 00 00 00 00 00 00 | ................ |
00004288 | 00 00 00 00 00 00 00 00 00 00 00 00 00 00 00 00 | ................ |
00004304 | 00 00 00 00 00 00 00 00 00 00 00 00 00 00 00 00 | ................ |
00004320 | 00 00 00 00 00 00 00 00 00 00 00 00 00 00 00 00 | ................ |
00004336 | 00 00 00 00 00 00 00 00 00 00 00 00 00 00 00 00 | ................ |
00004352 | 00 00 00 00 00 00 00 00 00 00 00 00 00 00 00 00 | ................ |
00004368 | 00 00 00 00 00 00 00 00 00 00 00 00 00 00 00 00 | ................ |
00004384 | 00 00 00 00 00 00 00 00 00 00 00 00 00 00 00 00 | ................ |
00004400 | 00 00 00 00 00 00 00 00 00 00 00 00 00 00 00 00 | ................ |
00004416 | 00 00 00 00 00 00 00 00 00 00 00 00 00 00 00 00 | ................ |
00004432 | 00 00 00 00 00 00 00 00 00 00 00 00 00 00 00 00 | ................ |
00004448 | 00 00 00 00 00 00 00 00 00 00 00 00 00 00 00 00 | ................ |
00004464 | 00 00 00 00 00 00 00 00 00 00 00 00 00 00 00 00 | ................ |
00004480 | 00 00 00 00 00 00 00 00 00 00 00 00 00 00 00 00 | ................ |
00004496 | 00 00 00 00 00 00 00 00 00 00 00 00 00 00 00 00 | ................ |
00004512 | 00 00 00 00 00 00 00 00 00 00 00 00 00 00 00 00 | ................ |
00004528 | 00 00 00 00 00 00 00 00 00 00 00 00 00 00 00 00 | ................ |
00004544 | 00 00 00 00 00 00 00 00 00 00 00 00 00 00 00 00 | ................ |
00004560 | 00 00 00 00 00 00 00 00 00 00 00 00 00 00 00 00 | ................ |
00004576 | 00 00 00 00 00 00 00 00 00 00 00 00 00 00 00 00 | ................ |
00004592 | 00 00 00 00 00 00 00 00 00 00 00 00 00 00 00 00 | ................ |
00004608 | 00 00 00 00 00 00 00 00 00 00 00 00 00 00 00 00 | ................ |
00004624 | 00 00 00 00 00 00 00 00 00 00 00 00 00 00 00 00 | ................ |
00004640 | 00 00 00 00 00 00 00 00 00 00 00 00 00 00 00 00 | ................ |
00004656 | 00 00 00 00 00 00 00 00 00 00 00 00 00 00 00 00 | ................ |
00004672 | 00 00 00 00 00 00 00 00 00 00 00 00 00 00 00 00 | ................ |
00004688 | 00 00 00 00 00 00 00 00 00 00 00 00 00 00 00 00 | ................ |
00004704 | 00 00 00 00 00 00 00 00 00 00 00 00 00 00 00 00 | ................ |
00004720 | 00 00 00 00 00 00 00 00 00 00 00 00 00 00 00 00 | ................ |
00004736 | 00 00 00 00 00 00 00 00 00 00 00 00 00 00 00 00 | ................ |
00004752 | 00 00 00 00 00 00 00 00 00 00 00 00 00 00 00 00 | ................ |
00004768 | 00 00 00 00 00 00 00 00 00 00 00 00 00 00 00 00 | ................ |
00004784 | 00 00 00 00 00 00 00 00 00 00 00 00 00 00 00 00 | ................ |
00004800 | 00 00 00 00 00 00 00 00 00 00 00 00 00 00 00 00 | ................ |
00004816 | 00 00 00 00 00 00 00 00 00 00 00 00 00 00 00 00 | ................ |
00004832 | 00 00 00 00 00 00 00 00 00 00 00 00 00 00 00 00 | ................ |
00004848 | 00 00 00 00 00 00 00 00 00 00 00 00 00 00 00 00 | ................ |
00004864 | 00 00 00 00 00 00 00 00 00 00 00 00 00 00 00 00 | ................ |
00004880 | 00 00 00 00 00 00 00 00 00 00 00 00 00 00 00 00 | ................ |
00004896 | 00 00 00 00 00 00 00 00 00 00 00 00 00 00 00 00 | ................ |
00004912 | 00 00 00 00 00 00 00 00 00 00 00 00 00 00 00 00 | ................ |
00004928 | 00 00 00 00 00 00 00 00 00 00 00 00 00 00 00 00 | ................ |
00004944 | 00 00 00 00 00 00 00 00 00 00 00 00 00 00 00 00 | ................ |
00004960 | 00 00 00 00 00 00 00 00 00 00 00 00 00 00 00 00 | ................ |
00004976 | 00 00 00 00 00 00 00 00 00 00 00 00 00 00 00 00 | ................ |
00004992 | 00 00 00 00 00 00 00 00 00 00 00 00 00 00 00 00 | ................ |
00005008 | 00 00 00 00 00 00 00 00 00 00 00 00 00 00 00 00 | ................ |
00005024 | 00 00 00 00 00 00 00 00 00 00 00 00 00 00 00 00 | ................ |
00005040 | 00 00 00 00 00 00 00 00 00 00 00 00 00 00 00 00 | ................ |
00005056 | 00 00 00 00 00 00 00 00 00 00 00 00 00 00 00 00 | ................ |
00005072 | 00 00 00 00 00 00 00 00 00 00 00 00 00 00 00 00 | ................ |
00005088 | 00 00 00 00 00 00 00 00 00 00 00 00 00 00 00 00 | ................ |
00005104 | 00 00 00 00 00 00 00 00 00 00 00 00 00 00 00 00 | ................ |
00005120 | 00 00 00 00 00 00 00 00 00 00 00 00 00 00 00 00 | ................ |
00005136 | 00 00 00 00 00 00 00 00 00 00 00 00 00 00 00 00 | ................ |
00005152 | 00 00 00 00 00 00 00 00 00 00 00 00 00 00 00 00 | ................ |
00005168 | 00 00 00 00 00 00 00 00 00 00 00 00 00 00 00 00 | ................ |
00005184 | 00 00 00 00 00 00 00 00 00 00 00 00 00 00 00 00 | ................ |
00005200 | 00 00 00 00 00 00 00 00 00 00 00 00 00 00 00 00 | ................ |
00005216 | 00 00 00 00 00 00 00 00 00 00 00 00 00 00 00 00 | ................ |
00005232 | 00 00 00 00 00 00 00 00 00 00 00 00 00 00 00 00 | ................ |
00005248 | 00 00 00 00 00 00 00 00 00 00 00 00 00 00 00 00 | ................ |
00005264 | 00 00 00 00 00 00 00 00 00 00 00 00 00 00 00 00 | ................ |
00005280 | 00 00 00 00 00 00 00 00 00 00 00 00 00 00 00 00 | ................ |
00005296 | 00 00 00 00 00 00 00 00 00 00 00 00 00 00 00 00 | ................ |
00005312 | 00 00 00 00 00 00 00 00 00 00 00 00 00 00 00 00 | ................ |
00005328 | 00 00 00 00 00 00 00 00 00 00 00 00 00 00 00 00 | ................ |
00005344 | 00 00 00 00 00 00 00 00 00 00 00 00 00 00 00 00 | ................ |
00005360 | 00 00 00 00 00 00 00 00 00 00 00 00 00 00 00 00 | ................ |
00005376 | 00 00 00 00 00 00 00 00 00 00 00 00 00 00 00 00 | ................ |
00005392 | 00 00 00 00 00 00 00 00 00 00 00 00 00 00 00 00 | ................ |
00005408 | 00 00 00 00 00 00 00 00 00 00 00 00 00 00 00 00 | ................ |
00005424 | 00 00 00 00 00 00 00 00 00 00 00 00 00 00 00 00 | ................ |
00005440 | 00 00 00 00 00 00 00 00 00 00 00 00 00 00 00 00 | ................ |
00005456 | 00 00 00 00 00 00 00 00 00 00 00 00 00 00 00 00 | ................ |
00005472 | 00 00 00 00 00 00 00 00 00 00 00 00 00 00 00 00 | ................ |
00005488 | 00 00 00 00 00 00 00 00 00 00 00 00 00 00 00 00 | ................ |
00005504 | 00 00 00 00 00 00 00 00 00 00 00 00 00 00 00 00 | ................ |
00005520 | 00 00 00 00 00 00 00 00 00 00 00 00 00 00 00 00 | ................ |
00005536 | 00 00 00 00 00 00 00 00 00 00 00 00 00 00 00 00 | ................ |
00005552 | 00 00 00 00 00 00 00 00 00 00 00 00 00 00 00 00 | ................ |
00005568 | 00 00 00 00 00 00 00 00 00 00 00 00 00 00 00 00 | ................ |
00005584 | 00 00 00 00 00 00 00 00 00 00 00 00 00 00 00 00 | ................ |
00005600 | 00 00 00 00 00 00 00 00 00 00 00 00 00 00 00 00 | ................ |
00005616 | 00 00 00 00 00 00 00 00 00 00 00 00 00 00 00 00 | ................ |
00005632 | 00 00 00 00 00 00 00 00 00 00 00 00 00 00 00 00 | ................ |
00005648 | 00 00 00 00 00 00 00 00 00 00 00 00 00 00 00 00 | ................ |
00005664 | 00 00 00 00 00 00 00 00 00 00 00 00 00 00 00 00 | ................ |
00005680 | 00 00 00 00 00 00 00 00 00 00 00 00 00 00 00 00 | ................ |
00005696 | 00 00 00 00 00 00 00 00 00 00 00 00 00 00 00 00 | ................ |
00005712 | 00 00 00 00 00 00 00 00 00 00 00 00 00 00 00 00 | ................ |
00005728 | 00 00 00 00 00 00 00 00 00 00 00 00 00 00 00 00 | ................ |
00005744 | 00 00 00 00 00 00 00 00 00 00 00 00 00 00 00 00 | ................ |
00005760 | 00 00 00 00 00 00 00 00 00 00 00 00 00 00 00 00 | ................ |
00005776 | 00 00 00 00 00 00 00 00 00 00 00 00 00 00 00 00 | ................ |
00005792 | 00 00 00 00 00 00 00 00 00 00 00 00 00 00 00 00 | ................ |
00005808 | 00 00 00 00 00 00 00 00 00 00 00 00 00 00 00 00 | ................ |
00005824 | 00 00 00 00 00 00 00 00 00 00 00 00 00 00 00 00 | ................ |
00005840 | 00 00 00 00 00 00 00 00 00 00 00 00 00 00 00 00 | ................ |
00005856 | 00 00 00 00 00 00 00 00 00 00 00 00 00 00 00 00 | ................ |
00005872 | 00 00 00 00 00 00 00 00 00 00 00 00 00 00 00 00 | ................ |
00005888 | 00 00 00 00 00 00 00 00 00 00 00 00 00 00 00 00 | ................ |
00005904 | 00 00 00 00 00 00 00 00 00 00 00 00 00 00 00 00 | ................ |
00005920 | 00 00 00 00 00 00 00 00 00 00 00 00 00 00 00 00 | ................ |
00005936 | 00 00 00 00 00 00 00 00 00 00 00 00 00 00 00 00 | ................ |
00005952 | 00 00 00 00 00 00 00 00 00 00 00 00 00 00 00 00 | ................ |
00005968 | 00 00 00 00 00 00 00 00 00 00 00 00 00 00 00 00 | ................ |
00005984 | 00 00 00 00 00 00 00 00 00 00 00 00 00 00 00 00 | ................ |
00006000 | 00 00 00 00 00 00 00 00 00 00 00 00 00 00 00 00 | ................ |
00006016 | 00 00 00 00 00 00 00 00 00 00 00 00 00 00 00 00 | ................ |
00006032 | 00 00 00 00 00 00 00 00 00 00 00 00 00 00 00 00 | ................ |
00006048 | 00 00 00 00 00 00 00 00 00 00 00 00 00 00 00 00 | ................ |
00006064 | 00 00 00 00 00 00 00 00 00 00 00 00 00 00 00 00 | ................ |
00006080 | 00 00 00 00 00 00 00 00 00 00 00 00 00 00 00 00 | ................ |
00006096 | 00 00 00 00 00 00 00 00 00 00 00 00 00 00 00 00 | ................ |
00006112 | 00 00 00 00 00 00 00 00 00 00 00 00 00 00 00 00 | ................ |
00006128 | 00 00 00 00 00 00 00 00 00 00 00 00 00 00 00 00 | ................ |
00006144 | 00 00 00 00 00 00 00 00 00 00 00 00 00 00 00 00 | ................ |
00006160 | 00 00 00 00 00 00 00 00 00 00 00 00 00 00 00 00 | ................ |
00006176 | 00 00 00 00 00 00 00 00 00 00 00 00 00 00 00 00 | ................ |
00006192 | 00 00 00 00 00 00 00 00 00 00 00 00 00 00 00 00 | ................ |
00006208 | 00 00 00 00 00 00 00 00 00 00 00 00 00 00 00 00 | ................ |
00006224 | 00 00 00 00 00 00 00 00 00 00 00 00 00 00 00 00 | ................ |
00006240 | 00 00 00 00 00 00 00 00 00 00 00 00 00 00 00 00 | ................ |
00006256 | 00 00 00 00 00 00 00 00 00 00 00 00 00 00 00 00 | ................ |
00006272 | 00 00 00 00 00 00 00 00 00 00 00 00 00 00 00 00 | ................ |
00006288 | 00 00 00 00 00 00 00 00 00 00 00 00 00 00 00 00 | ................ |
00006304 | 00 00 00 00 00 00 00 00 00 00 00 00 00 00 00 00 | ................ |
00006320 | 00 00 00 00 00 00 00 00 00 00 00 00 00 00 00 00 | ................ |
00006336 | 00 00 00 00 00 00 00 00 00 00 00 00 00 00 00 00 | ................ |
00006352 | 00 00 00 00 00 00 00 00 00 00 00 00 00 00 00 00 | ................ |
00006368 | 00 00 00 00 00 00 00 00 00 00 00 00 00 00 00 00 | ................ |
00006384 | 00 00 00 00 00 00 00 00 00 00 00 00 00 00 00 00 | ................ |
00006400 | 00 00 00 00 00 00 00 00 00 00 00 00 00 00 00 00 | ................ |
00006416 | 00 00 00 00 00 00 00 00 00 00 00 00 00 00 00 00 | ................ |
00006432 | 00 00 00 00 00 00 00 00 00 00 00 00 00 00 00 00 | ................ |
00006448 | 00 00 00 00 00 00 00 00 00 00 00 00 00 00 00 00 | ................ |
00006464 | 00 00 00 00 00 00 00 00 00 00 00 00 00 00 00 00 | ................ |
00006480 | 00 00 00 00 00 00 00 00 00 00 00 00 00 00 00 00 | ................ |
00006496 | 00 00 00 00 00 00 00 00 00 00 00 00 00 00 00 00 | ................ |
00006512 | 00 00 00 00 00 00 00 00 00 00 00 00 00 00 00 00 | ................ |
00006528 | 00 00 00 00 00 00 00 00 00 00 00 00 00 00 00 00 | ................ |
00006544 | 00 00 00 00 00 00 00 00 00 00 00 00 00 00 00 00 | ................ |
00006560 | 00 00 00 00 00 00 00 00 00 00 00 00 00 00 00 00 | ................ |
00006576 | 00 00 00 00 00 00 00 00 00 00 00 00 00 00 00 00 | ................ |
00006592 | 00 00 00 00 00 00 00 00 00 00 00 00 00 00 00 00 | ................ |
00006608 | 00 00 00 00 00 00 00 00 00 00 00 00 00 00 00 00 | ................ |
00006624 | 00 00 00 00 00 00 00 00 00 00 00 00 00 00 00 00 | ................ |
00006640 | 00 00 00 00 00 00 00 00 00 00 00 00 00 00 00 00 | ................ |
00006656 | 00 00 00 00 00 00 00 00 00 00 00 00 00 00 00 00 | ................ |
00006672 | 00 00 00 00 00 00 00 00 00 00 00 00 00 00 00 00 | ................ |
00006688 | 00 00 00 00 00 00 00 00 00 00 00 00 00 00 00 00 | ................ |
00006704 | 00 00 00 00 00 00 00 00 00 00 00 00 00 00 00 00 | ................ |
00006720 | 00 00 00 00 00 00 00 00 00 00 00 00 00 00 00 00 | ................ |
00006736 | 00 00 00 00 00 00 00 00 00 00 00 00 00 00 00 00 | ................ |
00006752 | 00 00 00 00 00 00 00 00 00 00 00 00 00 00 00 00 | ................ |
00006768 | 00 00 00 00 00 00 00 00 00 00 00 00 00 00 00 00 | ................ |
00006784 | 00 00 00 00 00 00 00 00 00 00 00 00 00 00 00 00 | ................ |
00006800 | 00 00 00 00 00 00 00 00 00 00 00 00 00 00 00 00 | ................ |
00006816 | 00 00 00 00 00 00 00 00 00 00 00 00 00 00 00 00 | ................ |
00006832 | 00 00 00 00 00 00 00 00 00 00 00 00 00 00 00 00 | ................ |
00006848 | 00 00 00 00 00 00 00 00 00 00 00 00 00 00 00 00 | ................ |
00006864 | 00 00 00 00 00 00 00 00 00 00 00 00 00 00 00 00 | ................ |
00006880 | 00 00 00 00 00 00 00 00 00 00 00 00 00 00 00 00 | ................ |
00006896 | 00 00 00 00 00 00 00 00 00 00 00 00 00 00 00 00 | ................ |
00006912 | 00 00 00 00 00 00 00 00 00 00 00 00 00 00 00 00 | ................ |
00006928 | 00 00 00 00 00 00 00 00 00 00 00 00 00 00 00 00 | ................ |
00006944 | 00 00 00 00 00 00 00 00 00 00 00 00 00 00 00 00 | ................ |
00006960 | 00 00 00 00 00 00 00 00 00 00 00 00 00 00 00 00 | ................ |
00006976 | 00 00 00 00 00 00 00 00 00 00 00 00 00 00 00 00 | ................ |
00006992 | 00 00 00 00 00 00 00 00 00 00 00 00 00 00 00 00 | ................ |
00007008 | 00 00 00 00 00 00 00 00 00 00 00 00 00 00 00 00 | ................ |
00007024 | 00 00 00 00 00 00 00 00 00 00 00 00 00 00 00 00 | ................ |
00007040 | 00 00 00 00 00 00 00 00 00 00 00 00 00 00 00 00 | ................ |
00007056 | 00 00 00 00 00 00 00 00 00 00 00 00 00 00 00 00 | ................ |
00007072 | 00 00 00 00 00 00 00 00 00 00 00 00 00 00 00 00 | ................ |
00007088 | 00 00 00 00 00 00 00 00 00 00 00 00 00 00 00 00 | ................ |
00007104 | 00 00 00 00 00 00 00 00 00 00 00 00 00 00 00 00 | ................ |
00007120 | 00 00 00 00 00 00 00 00 00 00 00 00 00 00 00 00 | ................ |
00007136 | 00 00 00 00 00 00 00 00 00 00 00 00 00 00 00 00 | ................ |
00007152 | 00 00 00 00 00 00 00 00 00 00 00 00 00 00 00 00 | ................ |
00007168 | 00 00 00 00 00 00 00 00 00 00 00 00 00 00 00 00 | ................ |
00007184 | 00 00 00 00 00 00 00 00 00 00 00 00 00 00 00 00 | ................ |
00007200 | 00 00 00 00 00 00 00 00 00 00 00 00 00 00 00 00 | ................ |
00007216 | 00 00 00 00 00 00 00 00 00 00 00 00 00 00 00 00 | ................ |
00007232 | 00 00 00 00 00 00 00 00 00 00 00 00 00 00 00 00 | ................ |
00007248 | 00 00 00 00 00 00 00 00 00 00 00 00 00 00 00 00 | ................ |
00007264 | 00 00 00 00 00 00 00 00 00 00 00 00 00 00 00 00 | ................ |
00007280 | 00 00 00 00 00 00 00 00 00 00 00 00 00 00 00 00 | ................ |
00007296 | 00 00 00 00 00 00 00 00 00 00 00 00 00 00 00 00 | ................ |
00007312 | 00 00 00 00 00 00 00 00 00 00 00 00 00 00 00 00 | ................ |
00007328 | 00 00 00 00 00 00 00 00 00 00 00 00 00 00 00 00 | ................ |
00007344 | 00 00 00 00 00 00 00 00 00 00 00 00 00 00 00 00 | ................ |
00007360 | 00 00 00 00 00 00 00 00 00 00 00 00 00 00 00 00 | ................ |
00007376 | 00 00 00 00 00 00 00 00 00 00 00 00 00 00 00 00 | ................ |
00007392 | 00 00 00 00 00 00 00 00 00 00 00 00 00 00 00 00 | ................ |
00007408 | 00 00 00 00 00 00 00 00 00 00 00 00 00 00 00 00 | ................ |
00007424 | 00 00 00 00 00 00 00 00 00 00 00 00 00 00 00 00 | ................ |
00007440 | 00 00 00 00 00 00 00 00 00 00 00 00 00 00 00 00 | ................ |
00007456 | 00 00 00 00 00 00 00 00 00 00 00 00 00 00 00 00 | ................ |
00007472 | 00 00 00 00 00 00 00 00 00 00 00 00 00 00 00 00 | ................ |
00007488 | 00 00 00 00 00 00 00 00 00 00 00 00 00 00 00 00 | ................ |
00007504 | 00 00 00 00 00 00 00 00 00 00 00 00 00 00 00 00 | ................ |
00007520 | 00 00 00 00 00 00 00 00 00 00 00 00 00 00 00 00 | ................ |
00007536 | 00 00 00 00 00 00 00 00 00 00 00 00 00 00 00 00 | ................ |
00007552 | 10 0a 00 00 00 00 00 00 d0 09 00 00 00 00 00 00 | ................ |
00007568 | 01 00 00 00 00 00 00 00 01 00 00 00 00 00 00 00 | ................ |
00007584 | 0c 00 00 00 00 00 00 00 98 07 00 00 00 00 00 00 | ................ |
00007600 | 0d 00 00 00 00 00 00 00 d4 0d 00 00 00 00 00 00 | ................ |
00007616 | 19 00 00 00 00 00 00 00 80 1d 20 00 00 00 00 00 | ................ |
00007632 | 1b 00 00 00 00 00 00 00 08 00 00 00 00 00 00 00 | ................ |
00007648 | 1a 00 00 00 00 00 00 00 88 1d 20 00 00 00 00 00 | ................ |
00007664 | 1c 00 00 00 00 00 00 00 08 00 00 00 00 00 00 00 | ................ |
00007680 | f5 fe ff 6f 00 00 00 00 98 02 00 00 00 00 00 00 | ...o............ |
00007696 | 05 00 00 00 00 00 00 00 60 04 00 00 00 00 00 00 | ........`....... |
00007712 | 06 00 00 00 00 00 00 00 c8 02 00 00 00 00 00 00 | ................ |
00007728 | 0a 00 00 00 00 00 00 00 fe 00 00 00 00 00 00 00 | ................ |
00007744 | 0b 00 00 00 00 00 00 00 18 00 00 00 00 00 00 00 | ................ |
00007760 | 15 00 00 00 00 00 00 00 00 00 00 00 00 00 00 00 | ................ |
00007776 | 03 00 00 00 00 00 00 00 80 1f 20 00 00 00 00 00 | ................ |
00007792 | 02 00 00 00 00 00 00 00 c0 00 00 00 00 00 00 00 | ................ |
00007808 | 14 00 00 00 00 00 00 00 07 00 00 00 00 00 00 00 | ................ |
00007824 | 17 00 00 00 00 00 00 00 d8 06 00 00 00 00 00 00 | ................ |
00007840 | 07 00 00 00 00 00 00 00 d0 05 00 00 00 00 00 00 | ................ |
00007856 | 08 00 00 00 00 00 00 00 08 01 00 00 00 00 00 00 | ................ |
00007872 | 09 00 00 00 00 00 00 00 18 00 00 00 00 00 00 00 | ................ |
00007888 | 1e 00 00 00 00 00 00 00 08 00 00 00 00 00 00 00 | ................ |
00007904 | fb ff ff 6f 00 00 00 00 01 00 00 08 00 00 00 00 | ...o............ |
00007920 | fe ff ff 6f 00 00 00 00 80 05 00 00 00 00 00 00 | ...o............ |
00007936 | ff ff ff 6f 00 00 00 00 01 00 00 00 00 00 00 00 | ...o............ |
00007952 | f0 ff ff 6f 00 00 00 00 5e 05 00 00 00 00 00 00 | ...o....^....... |
00007968 | f9 ff ff 6f 00 00 00 00 03 00 00 00 00 00 00 00 | ...o............ |
00007984 | 00 00 00 00 00 00 00 00 00 00 00 00 00 00 00 00 | ................ |
00008000 | 00 00 00 00 00 00 00 00 00 00 00 00 00 00 00 00 | ................ |
00008016 | 00 00 00 00 00 00 00 00 00 00 00 00 00 00 00 00 | ................ |
00008032 | 00 00 00 00 00 00 00 00 00 00 00 00 00 00 00 00 | ................ |
00008048 | 00 00 00 00 00 00 00 00 00 00 00 00 00 00 00 00 | ................ |
00008064 | 90 1d 20 00 00 00 00 00 00 00 00 00 00 00 00 00 | ................ |
00008080 | 00 00 00 00 00 00 00 00 c6 07 00 00 00 00 00 00 | ................ |
00008096 | d6 07 00 00 00 00 00 00 e6 07 00 00 00 00 00 00 | ................ |
00008112 | f6 07 00 00 00 00 00 00 06 08 00 00 00 00 00 00 | ................ |
00008128 | 16 08 00 00 00 00 00 00 26 08 00 00 00 00 00 00 | ........&....... |
00008144 | 36 08 00 00 00 00 00 00 00 00 00 00 00 00 00 00 | 6............... |
00008160 | 00 00 00 00 00 00 00 00 00 00 00 00 00 00 00 00 | ................ |
00008176 | 00 00 00 00 00 00 00 00 00 00 00 00 00 00 00 00 | ................ |
00008192 | 00 00 00 00 00 00 00 00 08 20 20 00 00 00 00 00 | ................ |
00008208 | 47 43 43 3a 20 28 55 62 75 6e 74 75 20 37 2e 33 | GCC:.(Ubuntu.7.3 |
00008224 | 2e 30 2d 32 37 75 62 75 6e 74 75 31 7e 31 38 2e | .0-27ubuntu1~18. |
00008240 | 30 34 29 20 37 2e 33 2e 30 00 00 00 00 00 00 00 | 04).7.3.0....... |
00008256 | 00 00 00 00 00 00 00 00 00 00 00 00 00 00 00 00 | ................ |
00008272 | 00 00 00 00 00 00 00 00 00 00 00 00 03 00 01 00 | ................ |
00008288 | 38 02 00 00 00 00 00 00 00 00 00 00 00 00 00 00 | 8............... |
00008304 | 00 00 00 00 03 00 02 00 54 02 00 00 00 00 00 00 | ........T....... |
00008320 | 00 00 00 00 00 00 00 00 00 00 00 00 03 00 03 00 | ................ |
00008336 | 74 02 00 00 00 00 00 00 00 00 00 00 00 00 00 00 | t............... |
00008352 | 00 00 00 00 03 00 04 00 98 02 00 00 00 00 00 00 | ................ |
00008368 | 00 00 00 00 00 00 00 00 00 00 00 00 03 00 05 00 | ................ |
00008384 | c8 02 00 00 00 00 00 00 00 00 00 00 00 00 00 00 | ................ |
00008400 | 00 00 00 00 03 00 06 00 60 04 00 00 00 00 00 00 | ........`....... |
00008416 | 00 00 00 00 00 00 00 00 00 00 00 00 03 00 07 00 | ................ |
00008432 | 5e 05 00 00 00 00 00 00 00 00 00 00 00 00 00 00 | ^............... |
00008448 | 00 00 00 00 03 00 08 00 80 05 00 00 00 00 00 00 | ................ |
00008464 | 00 00 00 00 00 00 00 00 00 00 00 00 03 00 09 00 | ................ |
00008480 | d0 05 00 00 00 00 00 00 00 00 00 00 00 00 00 00 | ................ |
00008496 | 00 00 00 00 03 00 0a 00 d8 06 00 00 00 00 00 00 | ................ |
00008512 | 00 00 00 00 00 00 00 00 00 00 00 00 03 00 0b 00 | ................ |
00008528 | 98 07 00 00 00 00 00 00 00 00 00 00 00 00 00 00 | ................ |
00008544 | 00 00 00 00 03 00 0c 00 b0 07 00 00 00 00 00 00 | ................ |
00008560 | 00 00 00 00 00 00 00 00 00 00 00 00 03 00 0d 00 | ................ |
00008576 | 40 08 00 00 00 00 00 00 00 00 00 00 00 00 00 00 | @............... |
00008592 | 00 00 00 00 03 00 0e 00 50 08 00 00 00 00 00 00 | ........P....... |
00008608 | 00 00 00 00 00 00 00 00 00 00 00 00 03 00 0f 00 | ................ |
00008624 | d4 0d 00 00 00 00 00 00 00 00 00 00 00 00 00 00 | ................ |
00008640 | 00 00 00 00 03 00 10 00 e0 0d 00 00 00 00 00 00 | ................ |
00008656 | 00 00 00 00 00 00 00 00 00 00 00 00 03 00 11 00 | ................ |
00008672 | 18 0e 00 00 00 00 00 00 00 00 00 00 00 00 00 00 | ................ |
00008688 | 00 00 00 00 03 00 12 00 68 0e 00 00 00 00 00 00 | ........h....... |
00008704 | 00 00 00 00 00 00 00 00 00 00 00 00 03 00 13 00 | ................ |
00008720 | 80 1d 20 00 00 00 00 00 00 00 00 00 00 00 00 00 | ................ |
00008736 | 00 00 00 00 03 00 14 00 88 1d 20 00 00 00 00 00 | ................ |
00008752 | 00 00 00 00 00 00 00 00 00 00 00 00 03 00 15 00 | ................ |
00008768 | 90 1d 20 00 00 00 00 00 00 00 00 00 00 00 00 00 | ................ |
00008784 | 00 00 00 00 03 00 16 00 80 1f 20 00 00 00 00 00 | ................ |
00008800 | 00 00 00 00 00 00 00 00 00 00 00 00 03 00 17 00 | ................ |
00008816 | 00 20 20 00 00 00 00 00 00 00 00 00 00 00 00 00 | ................ |
00008832 | 00 00 00 00 03 00 18 00 20 20 20 00 00 00 00 00 | ................ |
00008848 | 00 00 00 00 00 00 00 00 00 00 00 00 03 00 19 00 | ................ |
00008864 | 00 00 00 00 00 00 00 00 00 00 00 00 00 00 00 00 | ................ |
00008880 | 01 00 00 00 04 00 f1 ff 00 00 00 00 00 00 00 00 | ................ |
00008896 | 00 00 00 00 00 00 00 00 0b 00 00 00 04 00 f1 ff | ................ |
00008912 | 00 00 00 00 00 00 00 00 00 00 00 00 00 00 00 00 | ................ |
00008928 | 16 00 00 00 02 00 0e 00 40 09 00 00 00 00 00 00 | ........@....... |
00008944 | 00 00 00 00 00 00 00 00 18 00 00 00 02 00 0e 00 | ................ |
00008960 | 80 09 00 00 00 00 00 00 00 00 00 00 00 00 00 00 | ................ |
00008976 | 2b 00 00 00 02 00 0e 00 d0 09 00 00 00 00 00 00 | +............... |
00008992 | 00 00 00 00 00 00 00 00 41 00 00 00 01 00 18 00 | ........A....... |
00009008 | 48 20 20 00 00 00 00 00 01 00 00 00 00 00 00 00 | H............... |
00009024 | 50 00 00 00 01 00 14 00 88 1d 20 00 00 00 00 00 | P............... |
00009040 | 00 00 00 00 00 00 00 00 77 00 00 00 02 00 0e 00 | ........w....... |
00009056 | 10 0a 00 00 00 00 00 00 00 00 00 00 00 00 00 00 | ................ |
00009072 | 83 00 00 00 01 00 13 00 80 1d 20 00 00 00 00 00 | ................ |
00009088 | 00 00 00 00 00 00 00 00 0b 00 00 00 04 00 f1 ff | ................ |
00009104 | 00 00 00 00 00 00 00 00 00 00 00 00 00 00 00 00 | ................ |
00009120 | a2 00 00 00 01 00 12 00 24 10 00 00 00 00 00 00 | ........$....... |
00009136 | 00 00 00 00 00 00 00 00 00 00 00 00 04 00 f1 ff | ................ |
00009152 | 00 00 00 00 00 00 00 00 00 00 00 00 00 00 00 00 | ................ |
00009168 | b0 00 00 00 00 00 13 00 88 1d 20 00 00 00 00 00 | ................ |
00009184 | 00 00 00 00 00 00 00 00 c1 00 00 00 01 00 15 00 | ................ |
00009200 | 90 1d 20 00 00 00 00 00 00 00 00 00 00 00 00 00 | ................ |
00009216 | ca 00 00 00 00 00 13 00 80 1d 20 00 00 00 00 00 | ................ |
00009232 | 00 00 00 00 00 00 00 00 dd 00 00 00 00 00 11 00 | ................ |
00009248 | 18 0e 00 00 00 00 00 00 00 00 00 00 00 00 00 00 | ................ |
00009264 | f0 00 00 00 01 00 16 00 80 1f 20 00 00 00 00 00 | ................ |
00009280 | 00 00 00 00 00 00 00 00 06 01 00 00 12 00 0e 00 | ................ |
00009296 | d0 0d 00 00 00 00 00 00 02 00 00 00 00 00 00 00 | ................ |
00009312 | 16 01 00 00 20 00 00 00 00 00 00 00 00 00 00 00 | ................ |
00009328 | 00 00 00 00 00 00 00 00 32 01 00 00 11 00 18 00 | ........2....... |
00009344 | 20 20 20 00 00 00 00 00 08 00 00 00 00 00 00 00 | ................ |
00009360 | e0 01 00 00 20 00 17 00 00 20 20 00 00 00 00 00 | ................ |
00009376 | 00 00 00 00 00 00 00 00 46 01 00 00 11 00 18 00 | ........F....... |
00009392 | 30 20 20 00 00 00 00 00 08 00 00 00 00 00 00 00 | 0............... |
00009408 | 59 01 00 00 10 00 17 00 10 20 20 00 00 00 00 00 | Y............... |
00009424 | 00 00 00 00 00 00 00 00 60 01 00 00 12 00 00 00 | ........`....... |
00009440 | 00 00 00 00 00 00 00 00 00 00 00 00 00 00 00 00 | ................ |
00009456 | 10 01 00 00 12 00 0f 00 d4 0d 00 00 00 00 00 00 | ................ |
00009472 | 00 00 00 00 00 00 00 00 74 01 00 00 12 00 00 00 | ........t....... |
00009488 | 00 00 00 00 00 00 00 00 00 00 00 00 00 00 00 00 | ................ |
00009504 | 90 01 00 00 12 00 0e 00 e0 0b 00 00 00 00 00 00 | ................ |
00009520 | 7a 01 00 00 00 00 00 00 93 01 00 00 12 00 00 00 | z............... |
00009536 | 00 00 00 00 00 00 00 00 00 00 00 00 00 00 00 00 | ................ |
00009552 | a6 01 00 00 12 00 00 00 00 00 00 00 00 00 00 00 | ................ |
00009568 | 00 00 00 00 00 00 00 00 b9 01 00 00 12 00 0e 00 | ................ |
00009584 | 20 0a 00 00 00 00 00 00 b7 01 00 00 00 00 00 00 | ................ |
00009600 | bf 01 00 00 12 00 00 00 00 00 00 00 00 00 00 00 | ................ |
00009616 | 00 00 00 00 00 00 00 00 de 01 00 00 10 00 17 00 | ................ |
00009632 | 00 20 20 00 00 00 00 00 00 00 00 00 00 00 00 00 | ................ |
00009648 | eb 01 00 00 20 00 00 00 00 00 00 00 00 00 00 00 | ................ |
00009664 | 00 00 00 00 00 00 00 00 fa 01 00 00 11 02 17 00 | ................ |
00009680 | 08 20 20 00 00 00 00 00 00 00 00 00 00 00 00 00 | ................ |
00009696 | 07 02 00 00 11 00 10 00 e0 0d 00 00 00 00 00 00 | ................ |
00009712 | 04 00 00 00 00 00 00 00 16 02 00 00 12 00 0e 00 | ................ |
00009728 | 60 0d 00 00 00 00 00 00 65 00 00 00 00 00 00 00 | `.......e....... |
00009744 | bc 00 00 00 10 00 18 00 50 20 20 00 00 00 00 00 | ........P....... |
00009760 | 00 00 00 00 00 00 00 00 e4 01 00 00 12 00 0e 00 | ................ |
00009776 | 10 09 00 00 00 00 00 00 2b 00 00 00 00 00 00 00 | ........+....... |
00009792 | 26 02 00 00 10 00 18 00 10 20 20 00 00 00 00 00 | &............... |
00009808 | 00 00 00 00 00 00 00 00 32 02 00 00 12 00 0e 00 | ........2....... |
00009824 | 50 08 00 00 00 00 00 00 b1 00 00 00 00 00 00 00 | P............... |
00009840 | 37 02 00 00 12 00 00 00 00 00 00 00 00 00 00 00 | 7............... |
00009856 | 00 00 00 00 00 00 00 00 4a 02 00 00 12 00 00 00 | ........J....... |
00009872 | 00 00 00 00 00 00 00 00 00 00 00 00 00 00 00 00 | ................ |
00009888 | 5e 02 00 00 11 02 17 00 10 20 20 00 00 00 00 00 | ^............... |
00009904 | 00 00 00 00 00 00 00 00 6a 02 00 00 12 00 00 00 | ........j....... |
00009920 | 00 00 00 00 00 00 00 00 00 00 00 00 00 00 00 00 | ................ |
00009936 | 85 02 00 00 20 00 00 00 00 00 00 00 00 00 00 00 | ................ |
00009952 | 00 00 00 00 00 00 00 00 9f 02 00 00 22 00 00 00 | ............"... |
00009968 | 00 00 00 00 00 00 00 00 00 00 00 00 00 00 00 00 | ................ |
00009984 | 20 02 00 00 12 00 0b 00 98 07 00 00 00 00 00 00 | ................ |
00010000 | 00 00 00 00 00 00 00 00 bb 02 00 00 12 00 00 00 | ................ |
00010016 | 00 00 00 00 00 00 00 00 00 00 00 00 00 00 00 00 | ................ |
00010032 | d4 02 00 00 11 00 18 00 40 20 20 00 00 00 00 00 | ........@....... |
00010048 | 08 00 00 00 00 00 00 00 00 68 65 78 64 75 6d 70 | .........hexdump |
00010064 | 2e 63 00 63 72 74 73 74 75 66 66 2e 63 00 64 65 | .c.crtstuff.c.de |
00010080 | 72 65 67 69 73 74 65 72 5f 74 6d 5f 63 6c 6f 6e | register_tm_clon |
00010096 | 65 73 00 5f 5f 64 6f 5f 67 6c 6f 62 61 6c 5f 64 | es.__do_global_d |
00010112 | 74 6f 72 73 5f 61 75 78 00 63 6f 6d 70 6c 65 74 | tors_aux.complet |
00010128 | 65 64 2e 37 36 39 36 00 5f 5f 64 6f 5f 67 6c 6f | ed.7696.__do_glo |
00010144 | 62 61 6c 5f 64 74 6f 72 73 5f 61 75 78 5f 66 69 | bal_dtors_aux_fi |
00010160 | 6e 69 5f 61 72 72 61 79 5f 65 6e 74 72 79 00 66 | ni_array_entry.f |
00010176 | 72 61 6d 65 5f 64 75 6d 6d 79 00 5f 5f 66 72 61 | rame_dummy.__fra |
00010192 | 6d 65 5f 64 75 6d 6d 79 5f 69 6e 69 74 5f 61 72 | me_dummy_init_ar |
00010208 | 72 61 79 5f 65 6e 74 72 79 00 5f 5f 46 52 41 4d | ray_entry.__FRAM |
00010224 | 45 5f 45 4e 44 5f 5f 00 5f 5f 69 6e 69 74 5f 61 | E_END__.__init_a |
00010240 | 72 72 61 79 5f 65 6e 64 00 5f 44 59 4e 41 4d 49 | rray_end._DYNAMI |
00010256 | 43 00 5f 5f 69 6e 69 74 5f 61 72 72 61 79 5f 73 | C.__init_array_s |
00010272 | 74 61 72 74 00 5f 5f 47 4e 55 5f 45 48 5f 46 52 | tart.__GNU_EH_FR |
00010288 | 41 4d 45 5f 48 44 52 00 5f 47 4c 4f 42 41 4c 5f | AME_HDR._GLOBAL_ |
00010304 | 4f 46 46 53 45 54 5f 54 41 42 4c 45 5f 00 5f 5f | OFFSET_TABLE_.__ |
00010320 | 6c 69 62 63 5f 63 73 75 5f 66 69 6e 69 00 5f 49 | libc_csu_fini._I |
00010336 | 54 4d 5f 64 65 72 65 67 69 73 74 65 72 54 4d 43 | TM_deregisterTMC |
00010352 | 6c 6f 6e 65 54 61 62 6c 65 00 73 74 64 6f 75 74 | loneTable.stdout |
00010368 | 40 40 47 4c 49 42 43 5f 32 2e 32 2e 35 00 73 74 | @@GLIBC_2.2.5.st |
00010384 | 64 69 6e 40 40 47 4c 49 42 43 5f 32 2e 32 2e 35 | din@@GLIBC_2.2.5 |
00010400 | 00 5f 65 64 61 74 61 00 66 63 6c 6f 73 65 40 40 | ._edata.fclose@@ |
00010416 | 47 4c 49 42 43 5f 32 2e 32 2e 35 00 5f 5f 73 74 | GLIBC_2.2.5.__st |
00010432 | 61 63 6b 5f 63 68 6b 5f 66 61 69 6c 40 40 47 4c | ack_chk_fail@@GL |
00010448 | 49 42 43 5f 32 2e 34 00 68 64 00 66 67 65 74 63 | IBC_2.4.hd.fgetc |
00010464 | 40 40 47 4c 49 42 43 5f 32 2e 32 2e 35 00 66 70 | @@GLIBC_2.2.5.fp |
00010480 | 75 74 63 40 40 47 4c 49 42 43 5f 32 2e 32 2e 35 | utc@@GLIBC_2.2.5 |
00010496 | 00 70 72 69 6e 74 00 5f 5f 6c 69 62 63 5f 73 74 | .print.__libc_st |
00010512 | 61 72 74 5f 6d 61 69 6e 40 40 47 4c 49 42 43 5f | art_main@@GLIBC_ |
00010528 | 32 2e 32 2e 35 00 5f 5f 64 61 74 61 5f 73 74 61 | 2.2.5.__data_sta |
00010544 | 72 74 00 5f 5f 67 6d 6f 6e 5f 73 74 61 72 74 5f | rt.__gmon_start_ |
00010560 | 5f 00 5f 5f 64 73 6f 5f 68 61 6e 64 6c 65 00 5f | _.__dso_handle._ |
00010576 | 49 4f 5f 73 74 64 69 6e 5f 75 73 65 64 00 5f 5f | IO_stdin_used.__ |
00010592 | 6c 69 62 63 5f 63 73 75 5f 69 6e 69 74 00 5f 5f | libc_csu_init.__ |
00010608 | 62 73 73 5f 73 74 61 72 74 00 6d 61 69 6e 00 66 | bss_start.main.f |
00010624 | 6f 70 65 6e 40 40 47 4c 49 42 43 5f 32 2e 32 2e | open@@GLIBC_2.2. |
00010640 | 35 00 66 77 72 69 74 65 40 40 47 4c 49 42 43 5f | 5.fwrite@@GLIBC_ |
00010656 | 32 2e 32 2e 35 00 5f 5f 54 4d 43 5f 45 4e 44 5f | 2.2.5.__TMC_END_ |
00010672 | 5f 00 5f 5f 66 70 72 69 6e 74 66 5f 63 68 6b 40 | _.__fprintf_chk@ |
00010688 | 40 47 4c 49 42 43 5f 32 2e 33 2e 34 00 5f 49 54 | @GLIBC_2.3.4._IT |
00010704 | 4d 5f 72 65 67 69 73 74 65 72 54 4d 43 6c 6f 6e | M_registerTMClon |
00010720 | 65 54 61 62 6c 65 00 5f 5f 63 78 61 5f 66 69 6e | eTable.__cxa_fin |
00010736 | 61 6c 69 7a 65 40 40 47 4c 49 42 43 5f 32 2e 32 | alize@@GLIBC_2.2 |
00010752 | 2e 35 00 5f 5f 63 74 79 70 65 5f 62 5f 6c 6f 63 | .5.__ctype_b_loc |
00010768 | 40 40 47 4c 49 42 43 5f 32 2e 33 00 73 74 64 65 | @@GLIBC_2.3.stde |
00010784 | 72 72 40 40 47 4c 49 42 43 5f 32 2e 32 2e 35 00 | rr@@GLIBC_2.2.5. |
00010800 | 00 2e 73 79 6d 74 61 62 00 2e 73 74 72 74 61 62 | ..symtab..strtab |
00010816 | 00 2e 73 68 73 74 72 74 61 62 00 2e 69 6e 74 65 | ..shstrtab..inte |
00010832 | 72 70 00 2e 6e 6f 74 65 2e 41 42 49 2d 74 61 67 | rp..note.ABI-tag |
00010848 | 00 2e 6e 6f 74 65 2e 67 6e 75 2e 62 75 69 6c 64 | ..note.gnu.build |
00010864 | 2d 69 64 00 2e 67 6e 75 2e 68 61 73 68 00 2e 64 | -id..gnu.hash..d |
00010880 | 79 6e 73 79 6d 00 2e 64 79 6e 73 74 72 00 2e 67 | ynsym..dynstr..g |
00010896 | 6e 75 2e 76 65 72 73 69 6f 6e 00 2e 67 6e 75 2e | nu.version..gnu. |
00010912 | 76 65 72 73 69 6f 6e 5f 72 00 2e 72 65 6c 61 2e | version_r..rela. |
00010928 | 64 79 6e 00 2e 72 65 6c 61 2e 70 6c 74 00 2e 69 | dyn..rela.plt..i |
00010944 | 6e 69 74 00 2e 70 6c 74 2e 67 6f 74 00 2e 74 65 | nit..plt.got..te |
00010960 | 78 74 00 2e 66 69 6e 69 00 2e 72 6f 64 61 74 61 | xt..fini..rodata |
00010976 | 00 2e 65 68 5f 66 72 61 6d 65 5f 68 64 72 00 2e | ..eh_frame_hdr.. |
00010992 | 65 68 5f 66 72 61 6d 65 00 2e 69 6e 69 74 5f 61 | eh_frame..init_a |
00011008 | 72 72 61 79 00 2e 66 69 6e 69 5f 61 72 72 61 79 | rray..fini_array |
00011024 | 00 2e 64 79 6e 61 6d 69 63 00 2e 64 61 74 61 00 | ..dynamic..data. |
00011040 | 2e 62 73 73 00 2e 63 6f 6d 6d 65 6e 74 00 00 00 | .bss..comment... |
00011056 | 00 00 00 00 00 00 00 00 00 00 00 00 00 00 00 00 | ................ |
00011072 | 00 00 00 00 00 00 00 00 00 00 00 00 00 00 00 00 | ................ |
00011088 | 00 00 00 00 00 00 00 00 00 00 00 00 00 00 00 00 | ................ |
00011104 | 00 00 00 00 00 00 00 00 00 00 00 00 00 00 00 00 | ................ |
00011120 | 1b 00 00 00 01 00 00 00 02 00 00 00 00 00 00 00 | ................ |
00011136 | 38 02 00 00 00 00 00 00 38 02 00 00 00 00 00 00 | 8.......8....... |
00011152 | 1c 00 00 00 00 00 00 00 00 00 00 00 00 00 00 00 | ................ |
00011168 | 01 00 00 00 00 00 00 00 00 00 00 00 00 00 00 00 | ................ |
00011184 | 23 00 00 00 07 00 00 00 02 00 00 00 00 00 00 00 | #............... |
00011200 | 54 02 00 00 00 00 00 00 54 02 00 00 00 00 00 00 | T.......T....... |
00011216 | 20 00 00 00 00 00 00 00 00 00 00 00 00 00 00 00 | ................ |
00011232 | 04 00 00 00 00 00 00 00 00 00 00 00 00 00 00 00 | ................ |
00011248 | 31 00 00 00 07 00 00 00 02 00 00 00 00 00 00 00 | 1............... |
00011264 | 74 02 00 00 00 00 00 00 74 02 00 00 00 00 00 00 | t.......t....... |
00011280 | 24 00 00 00 00 00 00 00 00 00 00 00 00 00 00 00 | $............... |
00011296 | 04 00 00 00 00 00 00 00 00 00 00 00 00 00 00 00 | ................ |
00011312 | 44 00 00 00 f6 ff ff 6f 02 00 00 00 00 00 00 00 | D......o........ |
00011328 | 98 02 00 00 00 00 00 00 98 02 00 00 00 00 00 00 | ................ |
00011344 | 30 00 00 00 00 00 00 00 05 00 00 00 00 00 00 00 | 0............... |
00011360 | 08 00 00 00 00 00 00 00 00 00 00 00 00 00 00 00 | ................ |
00011376 | 4e 00 00 00 0b 00 00 00 02 00 00 00 00 00 00 00 | N............... |
00011392 | c8 02 00 00 00 00 00 00 c8 02 00 00 00 00 00 00 | ................ |
00011408 | 98 01 00 00 00 00 00 00 06 00 00 00 01 00 00 00 | ................ |
00011424 | 08 00 00 00 00 00 00 00 18 00 00 00 00 00 00 00 | ................ |
00011440 | 56 00 00 00 03 00 00 00 02 00 00 00 00 00 00 00 | V............... |
00011456 | 60 04 00 00 00 00 00 00 60 04 00 00 00 00 00 00 | `.......`....... |
00011472 | fe 00 00 00 00 00 00 00 00 00 00 00 00 00 00 00 | ................ |
00011488 | 01 00 00 00 00 00 00 00 00 00 00 00 00 00 00 00 | ................ |
00011504 | 5e 00 00 00 ff ff ff 6f 02 00 00 00 00 00 00 00 | ^......o........ |
00011520 | 5e 05 00 00 00 00 00 00 5e 05 00 00 00 00 00 00 | ^.......^....... |
00011536 | 22 00 00 00 00 00 00 00 05 00 00 00 00 00 00 00 | "............... |
00011552 | 02 00 00 00 00 00 00 00 02 00 00 00 00 00 00 00 | ................ |
00011568 | 6b 00 00 00 fe ff ff 6f 02 00 00 00 00 00 00 00 | k......o........ |
00011584 | 80 05 00 00 00 00 00 00 80 05 00 00 00 00 00 00 | ................ |
00011600 | 50 00 00 00 00 00 00 00 06 00 00 00 01 00 00 00 | P............... |
00011616 | 08 00 00 00 00 00 00 00 00 00 00 00 00 00 00 00 | ................ |
00011632 | 7a 00 00 00 04 00 00 00 02 00 00 00 00 00 00 00 | z............... |
00011648 | d0 05 00 00 00 00 00 00 d0 05 00 00 00 00 00 00 | ................ |
00011664 | 08 01 00 00 00 00 00 00 05 00 00 00 00 00 00 00 | ................ |
00011680 | 08 00 00 00 00 00 00 00 18 00 00 00 00 00 00 00 | ................ |
00011696 | 84 00 00 00 04 00 00 00 42 00 00 00 00 00 00 00 | ........B....... |
00011712 | d8 06 00 00 00 00 00 00 d8 06 00 00 00 00 00 00 | ................ |
00011728 | c0 00 00 00 00 00 00 00 05 00 00 00 16 00 00 00 | ................ |
00011744 | 08 00 00 00 00 00 00 00 18 00 00 00 00 00 00 00 | ................ |
00011760 | 8e 00 00 00 01 00 00 00 06 00 00 00 00 00 00 00 | ................ |
00011776 | 98 07 00 00 00 00 00 00 98 07 00 00 00 00 00 00 | ................ |
00011792 | 17 00 00 00 00 00 00 00 00 00 00 00 00 00 00 00 | ................ |
00011808 | 04 00 00 00 00 00 00 00 00 00 00 00 00 00 00 00 | ................ |
00011824 | 89 00 00 00 01 00 00 00 06 00 00 00 00 00 00 00 | ................ |
00011840 | b0 07 00 00 00 00 00 00 b0 07 00 00 00 00 00 00 | ................ |
00011856 | 90 00 00 00 00 00 00 00 00 00 00 00 00 00 00 00 | ................ |
00011872 | 10 00 00 00 00 00 00 00 10 00 00 00 00 00 00 00 | ................ |
00011888 | 94 00 00 00 01 00 00 00 06 00 00 00 00 00 00 00 | ................ |
00011904 | 40 08 00 00 00 00 00 00 40 08 00 00 00 00 00 00 | @.......@....... |
00011920 | 08 00 00 00 00 00 00 00 00 00 00 00 00 00 00 00 | ................ |
00011936 | 08 00 00 00 00 00 00 00 08 00 00 00 00 00 00 00 | ................ |
00011952 | 9d 00 00 00 01 00 00 00 06 00 00 00 00 00 00 00 | ................ |
00011968 | 50 08 00 00 00 00 00 00 50 08 00 00 00 00 00 00 | P.......P....... |
00011984 | 82 05 00 00 00 00 00 00 00 00 00 00 00 00 00 00 | ................ |
00012000 | 10 00 00 00 00 00 00 00 00 00 00 00 00 00 00 00 | ................ |
00012016 | a3 00 00 00 01 00 00 00 06 00 00 00 00 00 00 00 | ................ |
00012032 | d4 0d 00 00 00 00 00 00 d4 0d 00 00 00 00 00 00 | ................ |
00012048 | 09 00 00 00 00 00 00 00 00 00 00 00 00 00 00 00 | ................ |
00012064 | 04 00 00 00 00 00 00 00 00 00 00 00 00 00 00 00 | ................ |
00012080 | a9 00 00 00 01 00 00 00 02 00 00 00 00 00 00 00 | ................ |
00012096 | e0 0d 00 00 00 00 00 00 e0 0d 00 00 00 00 00 00 | ................ |
00012112 | 35 00 00 00 00 00 00 00 00 00 00 00 00 00 00 00 | 5............... |
00012128 | 04 00 00 00 00 00 00 00 00 00 00 00 00 00 00 00 | ................ |
00012144 | b1 00 00 00 01 00 00 00 02 00 00 00 00 00 00 00 | ................ |
00012160 | 18 0e 00 00 00 00 00 00 18 0e 00 00 00 00 00 00 | ................ |
00012176 | 4c 00 00 00 00 00 00 00 00 00 00 00 00 00 00 00 | L............... |
00012192 | 04 00 00 00 00 00 00 00 00 00 00 00 00 00 00 00 | ................ |
00012208 | bf 00 00 00 01 00 00 00 02 00 00 00 00 00 00 00 | ................ |
00012224 | 68 0e 00 00 00 00 00 00 68 0e 00 00 00 00 00 00 | h.......h....... |
00012240 | c0 01 00 00 00 00 00 00 00 00 00 00 00 00 00 00 | ................ |
00012256 | 08 00 00 00 00 00 00 00 00 00 00 00 00 00 00 00 | ................ |
00012272 | c9 00 00 00 0e 00 00 00 03 00 00 00 00 00 00 00 | ................ |
00012288 | 80 1d 20 00 00 00 00 00 80 1d 00 00 00 00 00 00 | ................ |
00012304 | 08 00 00 00 00 00 00 00 00 00 00 00 00 00 00 00 | ................ |
00012320 | 08 00 00 00 00 00 00 00 08 00 00 00 00 00 00 00 | ................ |
00012336 | d5 00 00 00 0f 00 00 00 03 00 00 00 00 00 00 00 | ................ |
00012352 | 88 1d 20 00 00 00 00 00 88 1d 00 00 00 00 00 00 | ................ |
00012368 | 08 00 00 00 00 00 00 00 00 00 00 00 00 00 00 00 | ................ |
00012384 | 08 00 00 00 00 00 00 00 08 00 00 00 00 00 00 00 | ................ |
00012400 | e1 00 00 00 06 00 00 00 03 00 00 00 00 00 00 00 | ................ |
00012416 | 90 1d 20 00 00 00 00 00 90 1d 00 00 00 00 00 00 | ................ |
00012432 | f0 01 00 00 00 00 00 00 06 00 00 00 00 00 00 00 | ................ |
00012448 | 08 00 00 00 00 00 00 00 10 00 00 00 00 00 00 00 | ................ |
00012464 | 98 00 00 00 01 00 00 00 03 00 00 00 00 00 00 00 | ................ |
00012480 | 80 1f 20 00 00 00 00 00 80 1f 00 00 00 00 00 00 | ................ |
00012496 | 80 00 00 00 00 00 00 00 00 00 00 00 00 00 00 00 | ................ |
00012512 | 08 00 00 00 00 00 00 00 08 00 00 00 00 00 00 00 | ................ |
00012528 | ea 00 00 00 01 00 00 00 03 00 00 00 00 00 00 00 | ................ |
00012544 | 00 20 20 00 00 00 00 00 00 20 00 00 00 00 00 00 | ................ |
00012560 | 10 00 00 00 00 00 00 00 00 00 00 00 00 00 00 00 | ................ |
00012576 | 08 00 00 00 00 00 00 00 00 00 00 00 00 00 00 00 | ................ |
00012592 | f0 00 00 00 08 00 00 00 03 00 00 00 00 00 00 00 | ................ |
00012608 | 20 20 20 00 00 00 00 00 10 20 00 00 00 00 00 00 | ................ |
00012624 | 30 00 00 00 00 00 00 00 00 00 00 00 00 00 00 00 | 0............... |
00012640 | 20 00 00 00 00 00 00 00 00 00 00 00 00 00 00 00 | ................ |
00012656 | f5 00 00 00 01 00 00 00 30 00 00 00 00 00 00 00 | ........0....... |
00012672 | 00 00 00 00 00 00 00 00 10 20 00 00 00 00 00 00 | ................ |
00012688 | 2a 00 00 00 00 00 00 00 00 00 00 00 00 00 00 00 | *............... |
00012704 | 01 00 00 00 00 00 00 00 01 00 00 00 00 00 00 00 | ................ |
00012720 | 01 00 00 00 02 00 00 00 00 00 00 00 00 00 00 00 | ................ |
00012736 | 00 00 00 00 00 00 00 00 40 20 00 00 00 00 00 00 | ........@....... |
00012752 | 08 07 00 00 00 00 00 00 1b 00 00 00 2b 00 00 00 | ............+... |
00012768 | 08 00 00 00 00 00 00 00 18 00 00 00 00 00 00 00 | ................ |
00012784 | 09 00 00 00 03 00 00 00 00 00 00 00 00 00 00 00 | ................ |
00012800 | 00 00 00 00 00 00 00 00 48 27 00 00 00 00 00 00 | ........H'...... |
00012816 | e8 02 00 00 00 00 00 00 00 00 00 00 00 00 00 00 | ................ |
00012832 | 01 00 00 00 00 00 00 00 00 00 00 00 00 00 00 00 | ................ |
00012848 | 11 00 00 00 03 00 00 00 00 00 00 00 00 00 00 00 | ................ |
00012864 | 00 00 00 00 00 00 00 00 30 2a 00 00 00 00 00 00 | ........0*...... |
00012880 | fe 00 00 00 00 00 00 00 00 00 00 00 00 00 00 00 | ................ |
00012896 | 01 00 00 00 00 00 00 00 00 00 00 00 00 00 00 00 | ................ |
00012912 |                                                 |                  |
